 0.000	-0.116	 0.981	 0.070
 0.000	-0.105	 0.973	 0.069
 0.000	-0.091	 0.963	 0.083
 0.000	-0.079	 0.958	 0.096
 0.000	-0.079	 0.965	 0.088
 0.000	-0.082	 0.967	 0.069
 0.000	-0.101	 0.976	 0.077
 0.000	-0.131	 0.983	 0.079
 0.000	-0.146	 0.981	 0.082
 0.000	-0.152	 0.968	 0.090
 0.000	-0.147	 0.956	 0.095
 0.000	-0.134	 0.944	 0.092
 0.000	-0.127	 0.949	 0.093
 0.000	-0.126	 0.965	 0.096
 0.000	-0.128	 0.972	 0.085
 0.000	-0.137	 0.982	 0.072
 0.000	-0.135	 0.983	 0.076
 0.000	-0.124	 0.975	 0.092
 0.000	-0.108	 0.962	 0.088
 0.000	-0.092	 0.955	 0.088
 0.000	-0.077	 0.952	 0.090
 0.000	-0.072	 0.958	 0.065
 0.000	-0.076	 0.967	 0.058
 0.000	-0.091	 0.980	 0.054
 0.000	-0.110	 0.984	 0.053
 0.000	-0.114	 0.980	 0.057
 0.000	-0.110	 0.967	 0.068
 0.000	-0.099	 0.948	 0.081
 0.000	-0.104	 0.950	 0.076
 0.000	-0.103	 0.954	 0.076
 0.000	-0.111	 0.962	 0.056
 0.000	-0.123	 0.975	 0.043
 0.000	-0.133	 0.985	 0.049
 0.000	-0.135	 0.983	 0.057
 0.000	-0.111	 0.979	 0.073
 0.000	-0.099	 0.962	 0.079
 0.000	-0.078	 0.959	 0.090
 0.000	-0.074	 0.957	 0.089
 0.000	-0.076	 0.965	 0.073
 0.000	-0.085	 0.978	 0.073
 0.000	-0.096	 0.985	 0.065
 0.000	-0.119	 0.984	 0.071
 0.000	-0.121	 0.984	 0.085
 0.000	-0.120	 0.971	 0.093
 0.000	-0.111	 0.959	 0.103
 0.000	-0.115	 0.953	 0.104
 0.000	-0.117	 0.962	 0.100
 0.000	-0.128	 0.968	 0.089
 0.000	-0.151	 0.975	 0.077
 0.000	-0.167	 0.983	 0.068
 0.000	-0.158	 0.976	 0.084
 0.000	-0.153	 0.961	 0.094
 0.000	-0.130	 0.952	 0.080
 0.000	-0.108	 0.953	 0.080
 0.000	-0.085	 0.959	 0.088
 0.000	-0.081	 0.965	 0.073
 0.000	-0.083	 0.983	 0.065
 0.000	-0.098	 0.993	 0.055
 0.000	-0.105	 0.985	 0.057
 0.000	-0.103	 0.976	 0.071
 0.000	-0.087	 0.963	 0.071
 0.000	-0.082	 0.953	 0.070
 0.000	-0.075	 0.958	 0.068
 0.000	-0.084	 0.962	 0.054
 0.000	-0.103	 0.976	 0.046
 0.000	-0.120	 0.986	 0.042
 0.000	-0.130	 0.985	 0.046
 0.000	-0.137	 0.975	 0.060
 0.000	-0.138	 0.962	 0.063
 0.000	-0.125	 0.954	 0.070
 0.000	-0.107	 0.958	 0.075
 0.000	-0.094	 0.964	 0.072
 0.000	-0.096	 0.971	 0.070
 0.000	-0.101	 0.985	 0.066
 0.000	-0.105	 0.992	 0.064
 0.000	-0.117	 0.986	 0.074
 0.000	-0.112	 0.979	 0.074
 0.000	-0.102	 0.963	 0.085
 0.000	-0.100	 0.955	 0.102
 0.000	-0.092	 0.958	 0.098
 0.000	-0.096	 0.966	 0.088
 0.000	-0.108	 0.974	 0.083
 0.000	-0.125	 0.986	 0.083
 0.000	-0.142	 0.987	 0.081
 0.000	-0.143	 0.975	 0.090
 0.000	-0.144	 0.956	 0.100
 0.000	-0.135	 0.951	 0.102
 0.000	-0.125	 0.946	 0.104
 0.000	-0.125	 0.948	 0.093
 0.000	-0.123	 0.968	 0.073
 0.000	-0.125	 0.986	 0.067
 0.000	-0.130	 0.984	 0.076
 0.000	-0.115	 0.973	 0.089
 0.000	-0.100	 0.964	 0.099
 0.000	-0.085	 0.954	 0.097
 0.000	-0.081	 0.946	 0.085
 0.000	-0.078	 0.952	 0.079
 0.000	-0.076	 0.966	 0.066
 0.000	-0.092	 0.975	 0.058
 0.000	-0.106	 0.983	 0.054
 0.000	-0.115	 0.981	 0.057
 0.000	-0.112	 0.974	 0.063
 0.000	-0.099	 0.955	 0.076
 0.000	-0.102	 0.952	 0.079
 0.000	-0.105	 0.958	 0.068
 0.000	-0.108	 0.961	 0.058
 0.000	-0.124	 0.972	 0.050
 0.000	-0.131	 0.995	 0.041
 0.000	-0.127	 0.989	 0.055
 0.000	-0.130	 0.984	 0.072
 0.000	-0.111	 0.972	 0.081
 0.000	-0.093	 0.962	 0.085
 0.000	-0.082	 0.960	 0.090
 0.000	-0.083	 0.965	 0.077
 0.000	-0.093	 0.976	 0.073
 0.000	-0.110	 0.982	 0.079
 0.000	-0.125	 0.988	 0.078
 0.000	-0.131	 0.980	 0.087
 0.000	-0.127	 0.966	 0.092
 0.000	-0.120	 0.955	 0.100
 0.000	-0.107	 0.952	 0.102
 0.000	-0.112	 0.958	 0.095
 0.000	-0.125	 0.970	 0.091
 0.000	-0.140	 0.977	 0.088
 0.000	-0.147	 0.986	 0.073
 0.000	-0.157	 0.983	 0.068
 0.000	-0.139	 0.962	 0.077
 0.000	-0.119	 0.955	 0.086
 0.000	-0.101	 0.958	 0.091
 0.000	-0.078	 0.958	 0.082
 0.000	-0.073	 0.961	 0.070
 0.000	-0.086	 0.976	 0.052
 0.000	-0.099	 0.988	 0.052
 0.000	-0.110	 0.980	 0.063
 0.000	-0.103	 0.966	 0.065
 0.000	-0.094	 0.956	 0.080
 0.000	-0.093	 0.946	 0.080
 0.000	-0.083	 0.944	 0.076
 0.000	-0.082	 0.960	 0.063
 0.000	-0.102	 0.976	 0.052
 0.000	-0.114	 0.989	 0.049
 0.000	-0.129	 0.995	 0.048
 0.000	-0.136	 0.981	 0.055
 0.000	-0.132	 0.969	 0.069
 0.000	-0.128	 0.961	 0.082
 0.000	-0.112	 0.953	 0.086
 0.000	-0.099	 0.957	 0.078
 0.000	-0.094	 0.963	 0.077
 0.000	-0.101	 0.981	 0.070
 0.000	-0.105	 0.986	 0.069
 0.000	-0.110	 0.983	 0.079
 0.000	-0.110	 0.975	 0.097
 0.000	-0.105	 0.962	 0.097
 0.000	-0.102	 0.948	 0.104
 0.000	-0.101	 0.942	 0.103
 0.000	-0.108	 0.957	 0.098
 0.000	-0.122	 0.966	 0.097
 0.000	-0.139	 0.977	 0.083
 0.000	-0.152	 0.985	 0.080
 0.000	-0.144	 0.976	 0.088
 0.000	-0.140	 0.961	 0.096
 0.000	-0.130	 0.957	 0.093
 0.000	-0.121	 0.953	 0.091
 0.000	-0.120	 0.957	 0.088
 0.000	-0.112	 0.965	 0.075
 0.000	-0.114	 0.977	 0.061
 0.000	-0.123	 0.983	 0.063
 0.000	-0.111	 0.980	 0.062
 0.000	-0.090	 0.968	 0.072
 0.000	-0.082	 0.960	 0.076
 0.000	-0.075	 0.953	 0.075
 0.000	-0.074	 0.953	 0.075
 0.000	-0.076	 0.964	 0.060
 0.000	-0.092	 0.971	 0.049
 0.000	-0.111	 0.979	 0.054
 0.000	-0.122	 0.984	 0.059
 0.000	-0.124	 0.977	 0.067
 0.000	-0.123	 0.965	 0.082
 0.000	-0.114	 0.961	 0.074
 0.000	-0.108	 0.961	 0.064
 0.000	-0.104	 0.967	 0.060
 0.000	-0.115	 0.979	 0.053
 0.000	-0.136	 0.990	 0.049
 0.000	-0.136	 0.992	 0.054
 0.000	-0.121	 0.982	 0.071
 0.000	-0.103	 0.969	 0.074
 0.000	-0.096	 0.964	 0.080
 0.000	-0.088	 0.960	 0.086
 0.000	-0.080	 0.965	 0.084
 0.000	-0.088	 0.978	 0.084
 0.000	-0.112	 0.980	 0.074
 0.000	-0.129	 0.985	 0.072
 0.000	-0.131	 0.978	 0.088
 0.000	-0.136	 0.959	 0.103
 0.000	-0.137	 0.948	 0.104
 0.000	-0.126	 0.944	 0.102
 0.000	-0.125	 0.951	 0.098
 0.000	-0.127	 0.960	 0.086
 0.000	-0.143	 0.974	 0.075
 0.000	-0.155	 0.986	 0.073
 0.000	-0.151	 0.984	 0.070
 0.000	-0.129	 0.966	 0.079
 0.000	-0.116	 0.955	 0.080
 0.000	-0.095	 0.956	 0.082
 0.000	-0.077	 0.953	 0.077
 0.000	-0.070	 0.960	 0.075
 0.000	-0.078	 0.975	 0.056
 0.000	-0.098	 0.990	 0.058
 0.000	-0.105	 0.985	 0.059
 0.000	-0.105	 0.978	 0.065
 0.000	-0.094	 0.967	 0.074
 0.000	-0.089	 0.951	 0.075
 0.000	-0.088	 0.953	 0.076
 0.000	-0.093	 0.959	 0.060
 0.000	-0.108	 0.963	 0.054
 0.000	-0.126	 0.983	 0.055
 0.000	-0.134	 0.989	 0.056
 0.000	-0.141	 0.975	 0.072
 0.000	-0.138	 0.972	 0.079
 0.000	-0.120	 0.961	 0.090
 0.000	-0.118	 0.957	 0.092
 0.000	-0.104	 0.958	 0.085
 0.000	-0.093	 0.973	 0.086
 0.000	-0.097	 0.985	 0.079
 0.000	-0.111	 0.989	 0.069
 0.000	-0.119	 0.991	 0.070
 0.000	-0.112	 0.977	 0.087
 0.000	-0.105	 0.966	 0.093
 0.000	-0.100	 0.956	 0.090
 0.000	-0.093	 0.952	 0.098
 0.000	-0.100	 0.962	 0.094
 0.000	-0.106	 0.978	 0.086
 0.000	-0.133	 0.980	 0.083
 0.000	-0.147	 0.983	 0.079
 0.000	-0.149	 0.971	 0.085
 0.000	-0.141	 0.948	 0.100
 0.000	-0.134	 0.944	 0.098
 0.000	-0.126	 0.952	 0.089
 0.000	-0.114	 0.956	 0.090
 0.000	-0.106	 0.970	 0.077
 0.000	-0.109	 0.976	 0.064
 0.000	-0.114	 0.988	 0.052
 0.000	-0.108	 0.980	 0.063
 0.000	-0.096	 0.970	 0.067
 0.000	-0.090	 0.962	 0.077
 0.000	-0.072	 0.952	 0.077
 0.000	-0.065	 0.957	 0.066
 0.000	-0.071	 0.969	 0.063
 0.000	-0.092	 0.983	 0.048
 0.000	-0.104	 0.991	 0.058
 0.000	-0.114	 0.987	 0.051
 0.000	-0.126	 0.976	 0.058
 0.000	-0.116	 0.967	 0.077
 0.000	-0.115	 0.960	 0.068
 0.000	-0.117	 0.959	 0.067
 0.000	-0.119	 0.963	 0.074
 0.000	-0.128	 0.978	 0.070
 0.000	-0.135	 0.990	 0.073
 0.000	-0.138	 0.986	 0.080
 0.000	-0.125	 0.978	 0.085
 0.000	-0.109	 0.965	 0.095
 0.000	-0.102	 0.955	 0.096
 0.000	-0.093	 0.952	 0.101
 0.000	-0.091	 0.961	 0.097
 0.000	-0.098	 0.972	 0.086
 0.000	-0.112	 0.973	 0.083
 0.000	-0.122	 0.981	 0.078
 0.000	-0.121	 0.980	 0.086
 0.000	-0.126	 0.965	 0.091
 0.000	-0.120	 0.954	 0.103
 0.000	-0.115	 0.948	 0.093
 0.000	-0.119	 0.951	 0.086
 0.000	-0.126	 0.960	 0.082
 0.000	-0.131	 0.975	 0.086
 0.000	-0.138	 0.984	 0.070
 0.000	-0.138	 0.983	 0.064
 0.000	-0.124	 0.968	 0.077
 0.000	-0.101	 0.957	 0.092
 0.000	-0.090	 0.955	 0.075
 0.000	-0.084	 0.957	 0.073
 0.000	-0.071	 0.960	 0.064
 0.000	-0.082	 0.978	 0.060
 0.000	-0.092	 0.990	 0.055
 0.000	-0.090	 0.982	 0.049
 0.000	-0.099	 0.976	 0.069
 0.000	-0.093	 0.967	 0.080
 0.000	-0.082	 0.952	 0.082
 0.000	-0.089	 0.949	 0.078
 0.000	-0.097	 0.955	 0.069
 0.000	-0.114	 0.970	 0.063
 0.000	-0.132	 0.983	 0.059
 0.000	-0.143	 0.987	 0.054
 0.000	-0.149	 0.986	 0.057
 0.000	-0.136	 0.978	 0.068
 0.000	-0.116	 0.963	 0.084
 0.000	-0.112	 0.958	 0.089
 0.000	-0.095	 0.964	 0.083
 0.000	-0.094	 0.970	 0.083
 0.000	-0.104	 0.979	 0.084
 0.000	-0.123	 0.987	 0.075
 0.000	-0.125	 0.988	 0.080
 0.000	-0.119	 0.974	 0.098
 0.000	-0.114	 0.959	 0.104
 0.000	-0.106	 0.955	 0.105
 0.000	-0.097	 0.946	 0.101
 0.000	-0.102	 0.952	 0.088
 0.000	-0.120	 0.971	 0.081
 0.000	-0.136	 0.986	 0.071
 0.000	-0.159	 0.988	 0.072
 0.000	-0.157	 0.975	 0.077
 0.000	-0.140	 0.958	 0.084
 0.000	-0.126	 0.952	 0.078
 0.000	-0.112	 0.954	 0.064
 0.000	-0.103	 0.961	 0.065
 0.000	-0.091	 0.973	 0.061
 0.000	-0.102	 0.985	 0.051
 0.000	-0.105	 0.988	 0.056
 0.000	-0.103	 0.985	 0.063
 0.000	-0.097	 0.969	 0.070
 0.000	-0.087	 0.952	 0.077
 0.000	-0.075	 0.945	 0.081
 0.000	-0.071	 0.958	 0.077
 0.000	-0.073	 0.964	 0.074
 0.000	-0.089	 0.979	 0.063
 0.000	-0.103	 0.989	 0.053
 0.000	-0.123	 0.987	 0.056
 0.000	-0.139	 0.974	 0.059
 0.000	-0.130	 0.962	 0.077
 0.000	-0.126	 0.951	 0.097
 0.000	-0.115	 0.952	 0.087
 0.000	-0.109	 0.962	 0.077
 0.000	-0.112	 0.976	 0.067
 0.000	-0.124	 0.988	 0.070
 0.000	-0.135	 0.991	 0.071
 0.000	-0.121	 0.995	 0.087
 0.000	-0.114	 0.974	 0.091
 0.000	-0.109	 0.958	 0.094
 0.000	-0.097	 0.953	 0.097
 0.000	-0.088	 0.958	 0.100
 0.000	-0.094	 0.963	 0.087
 0.000	-0.104	 0.977	 0.086
 0.000	-0.124	 0.985	 0.088
 0.000	-0.132	 0.981	 0.096
 0.000	-0.136	 0.962	 0.101
 0.000	-0.131	 0.952	 0.095
 0.000	-0.122	 0.950	 0.097
 0.000	-0.124	 0.951	 0.091
 0.000	-0.125	 0.953	 0.076
 0.000	-0.126	 0.973	 0.064
 0.000	-0.130	 0.981	 0.057
 0.000	-0.140	 0.984	 0.054
 0.000	-0.125	 0.980	 0.056
 0.000	-0.100	 0.966	 0.068
 0.000	-0.084	 0.953	 0.078
 0.000	-0.069	 0.955	 0.071
 0.000	-0.061	 0.967	 0.060
 0.000	-0.075	 0.974	 0.049
 0.000	-0.092	 0.985	 0.045
 0.000	-0.094	 0.990	 0.050
 0.000	-0.107	 0.974	 0.056
 0.000	-0.111	 0.963	 0.071
 0.000	-0.097	 0.958	 0.077
 0.000	-0.100	 0.958	 0.080
 0.000	-0.104	 0.961	 0.073
 0.000	-0.108	 0.965	 0.075
 0.000	-0.127	 0.980	 0.067
 0.000	-0.146	 0.986	 0.066
 0.000	-0.152	 0.990	 0.071
 0.000	-0.142	 0.974	 0.070
 0.000	-0.128	 0.963	 0.086
 0.000	-0.118	 0.958	 0.091
 0.000	-0.097	 0.964	 0.090
 0.000	-0.094	 0.970	 0.087
 0.000	-0.098	 0.969	 0.078
 0.000	-0.115	 0.989	 0.075
 0.000	-0.123	 0.994	 0.072
 0.000	-0.115	 0.985	 0.083
 0.000	-0.108	 0.967	 0.090
 0.000	-0.100	 0.958	 0.086
 0.000	-0.092	 0.949	 0.093
 0.000	-0.109	 0.947	 0.083
 0.000	-0.121	 0.969	 0.065
 0.000	-0.144	 0.985	 0.060
 0.000	-0.154	 0.980	 0.067
 0.000	-0.148	 0.969	 0.073
 0.000	-0.138	 0.957	 0.082
 0.000	-0.125	 0.949	 0.083
 0.000	-0.108	 0.945	 0.071
 0.000	-0.095	 0.954	 0.068
 0.000	-0.094	 0.966	 0.051
 0.000	-0.095	 0.982	 0.041
 0.000	-0.097	 0.984	 0.046
 0.000	-0.096	 0.980	 0.055
 0.000	-0.094	 0.971	 0.063
 0.000	-0.078	 0.957	 0.073
 0.000	-0.070	 0.953	 0.073
 0.000	-0.074	 0.962	 0.075
 0.000	-0.080	 0.959	 0.071
 0.000	-0.090	 0.976	 0.068
 0.000	-0.108	 0.992	 0.060
 0.000	-0.127	 0.989	 0.063
 0.000	-0.140	 0.978	 0.075
 0.000	-0.139	 0.965	 0.089
 0.000	-0.125	 0.953	 0.104
 0.000	-0.116	 0.948	 0.092
 0.000	-0.111	 0.960	 0.081
 0.000	-0.117	 0.967	 0.079
 0.000	-0.131	 0.977	 0.072
 0.000	-0.128	 0.988	 0.070
 0.000	-0.128	 0.985	 0.089
 0.000	-0.119	 0.979	 0.094
 0.000	-0.109	 0.962	 0.104
 0.000	-0.101	 0.948	 0.106
 0.000	-0.097	 0.949	 0.100
 0.000	-0.104	 0.962	 0.086
 0.000	-0.101	 0.974	 0.075
 0.000	-0.125	 0.987	 0.076
 0.000	-0.136	 0.984	 0.073
 0.000	-0.130	 0.974	 0.078
 0.000	-0.121	 0.956	 0.085
 0.000	-0.118	 0.949	 0.093
 0.000	-0.111	 0.949	 0.090
 0.000	-0.109	 0.958	 0.079
 0.000	-0.117	 0.969	 0.062
 0.000	-0.128	 0.988	 0.052
 0.000	-0.135	 0.986	 0.069
 0.000	-0.122	 0.974	 0.078
 0.000	-0.099	 0.967	 0.076
 0.000	-0.083	 0.956	 0.059
 0.000	-0.066	 0.958	 0.066
 0.000	-0.059	 0.966	 0.061
 0.000	-0.070	 0.978	 0.060
 0.000	-0.090	 0.993	 0.052
 0.000	-0.102	 0.992	 0.051
 0.000	-0.113	 0.982	 0.063
 0.000	-0.118	 0.970	 0.081
 0.000	-0.110	 0.956	 0.087
 0.000	-0.107	 0.955	 0.080
 0.000	-0.107	 0.963	 0.074
 0.000	-0.112	 0.979	 0.064
 0.000	-0.123	 0.984	 0.064
 0.000	-0.141	 0.984	 0.068
 0.000	-0.160	 0.983	 0.070
 0.000	-0.148	 0.970	 0.079
 0.000	-0.134	 0.960	 0.087
 0.000	-0.119	 0.952	 0.099
 0.000	-0.097	 0.956	 0.103
 0.000	-0.093	 0.968	 0.094
 0.000	-0.101	 0.971	 0.090
 0.000	-0.109	 0.986	 0.084
 0.000	-0.116	 0.996	 0.076
 0.000	-0.115	 0.979	 0.083
 0.000	-0.114	 0.959	 0.088
 0.000	-0.108	 0.952	 0.083
 0.000	-0.102	 0.954	 0.089
 0.000	-0.106	 0.947	 0.082
 0.000	-0.112	 0.964	 0.077
 0.000	-0.126	 0.983	 0.064
 0.000	-0.138	 0.981	 0.056
 0.000	-0.134	 0.980	 0.060
 0.000	-0.131	 0.971	 0.077
 0.000	-0.122	 0.951	 0.088
 0.000	-0.100	 0.945	 0.078
 0.000	-0.086	 0.952	 0.072
 0.000	-0.086	 0.965	 0.073
 0.000	-0.086	 0.976	 0.066
 0.000	-0.093	 0.983	 0.056
 0.000	-0.094	 0.987	 0.053
 0.000	-0.088	 0.980	 0.064
 0.000	-0.087	 0.961	 0.079
 0.000	-0.081	 0.950	 0.090
 0.000	-0.082	 0.953	 0.083
 0.000	-0.082	 0.956	 0.079
 0.000	-0.096	 0.972	 0.064
 0.000	-0.123	 0.983	 0.053
 0.000	-0.144	 0.987	 0.059
 0.000	-0.142	 0.979	 0.071
 0.000	-0.138	 0.968	 0.074
 0.000	-0.135	 0.956	 0.091
 0.000	-0.125	 0.950	 0.093
 0.000	-0.113	 0.959	 0.083
 0.000	-0.117	 0.975	 0.080
 0.000	-0.134	 0.976	 0.073
 0.000	-0.133	 0.987	 0.083
 0.000	-0.128	 0.984	 0.086
 0.000	-0.127	 0.971	 0.089
 0.000	-0.112	 0.958	 0.097
 0.000	-0.094	 0.956	 0.103
 0.000	-0.085	 0.955	 0.098
 0.000	-0.088	 0.964	 0.091
 0.000	-0.100	 0.974	 0.082
 0.000	-0.122	 0.983	 0.069
 0.000	-0.132	 0.981	 0.072
 0.000	-0.132	 0.970	 0.075
 0.000	-0.122	 0.954	 0.072
 0.000	-0.120	 0.949	 0.079
 0.000	-0.104	 0.953	 0.070
 0.000	-0.096	 0.959	 0.067
 0.000	-0.109	 0.969	 0.051
 0.000	-0.123	 0.984	 0.037
 0.000	-0.127	 0.989	 0.051
 0.000	-0.121	 0.983	 0.058
 0.000	-0.096	 0.964	 0.069
 0.000	-0.083	 0.955	 0.079
 0.000	-0.075	 0.952	 0.069
 0.000	-0.072	 0.963	 0.068
 0.000	-0.071	 0.975	 0.062
 0.000	-0.083	 0.991	 0.048
 0.000	-0.104	 0.992	 0.059
 0.000	-0.123	 0.984	 0.073
 0.000	-0.122	 0.972	 0.089
 0.000	-0.120	 0.960	 0.093
 0.000	-0.123	 0.950	 0.095
 0.000	-0.115	 0.961	 0.095
 0.000	-0.115	 0.967	 0.081
 0.000	-0.138	 0.973	 0.065
 0.000	-0.144	 0.983	 0.072
 0.000	-0.146	 0.988	 0.075
 0.000	-0.136	 0.980	 0.099
 0.000	-0.134	 0.966	 0.101
 0.000	-0.114	 0.954	 0.095
 0.000	-0.094	 0.957	 0.093
 0.000	-0.092	 0.959	 0.096
 0.000	-0.091	 0.970	 0.075
 0.000	-0.102	 0.977	 0.076
 0.000	-0.115	 0.981	 0.079
 0.000	-0.116	 0.977	 0.087
 0.000	-0.112	 0.962	 0.099
 0.000	-0.100	 0.951	 0.092
 0.000	-0.103	 0.944	 0.083
 0.000	-0.104	 0.952	 0.080
 0.000	-0.121	 0.964	 0.077
 0.000	-0.129	 0.974	 0.062
 0.000	-0.135	 0.980	 0.057
 0.000	-0.137	 0.980	 0.058
 0.000	-0.132	 0.973	 0.060
 0.000	-0.113	 0.959	 0.066
 0.000	-0.101	 0.953	 0.072
 0.000	-0.085	 0.958	 0.067
 0.000	-0.079	 0.969	 0.062
 0.000	-0.084	 0.984	 0.047
 0.000	-0.092	 0.990	 0.041
 0.000	-0.102	 0.988	 0.045
 0.000	-0.101	 0.983	 0.052
 0.000	-0.092	 0.968	 0.076
 0.000	-0.088	 0.952	 0.087
 0.000	-0.090	 0.954	 0.087
 0.000	-0.095	 0.964	 0.074
 0.000	-0.113	 0.972	 0.077
 0.000	-0.144	 0.986	 0.075
 0.000	-0.147	 0.988	 0.068
 0.000	-0.148	 0.977	 0.074
 0.000	-0.147	 0.969	 0.093
 0.000	-0.138	 0.955	 0.092
 0.000	-0.127	 0.955	 0.088
 0.000	-0.123	 0.960	 0.101
 0.000	-0.121	 0.966	 0.088
 0.000	-0.121	 0.971	 0.078
 0.000	-0.122	 0.987	 0.072
 0.000	-0.126	 0.986	 0.072
 0.000	-0.115	 0.968	 0.098
 0.000	-0.096	 0.961	 0.102
 0.000	-0.087	 0.955	 0.091
 0.000	-0.081	 0.956	 0.087
 0.000	-0.086	 0.963	 0.082
 0.000	-0.099	 0.973	 0.063
 0.000	-0.117	 0.980	 0.059
 0.000	-0.131	 0.982	 0.054
 0.000	-0.132	 0.969	 0.066
 0.000	-0.133	 0.953	 0.078
 0.000	-0.122	 0.943	 0.075
 0.000	-0.108	 0.949	 0.056
 0.000	-0.104	 0.960	 0.067
 0.000	-0.116	 0.975	 0.059
 0.000	-0.118	 0.989	 0.044
 0.000	-0.121	 0.997	 0.042
 0.000	-0.115	 0.986	 0.044
 0.000	-0.088	 0.967	 0.063
 0.000	-0.081	 0.951	 0.073
 0.000	-0.072	 0.955	 0.084
 0.000	-0.072	 0.958	 0.073
 0.000	-0.077	 0.969	 0.066
 0.000	-0.096	 0.984	 0.060
 0.000	-0.114	 0.989	 0.056
 0.000	-0.117	 0.984	 0.066
 0.000	-0.116	 0.974	 0.089
 0.000	-0.124	 0.961	 0.092
 0.000	-0.124	 0.949	 0.101
 0.000	-0.122	 0.946	 0.097
 0.000	-0.128	 0.961	 0.088
 0.000	-0.141	 0.977	 0.085
 0.000	-0.151	 0.983	 0.078
 0.000	-0.151	 0.985	 0.076
 0.000	-0.135	 0.976	 0.094
 0.000	-0.118	 0.965	 0.101
 0.000	-0.102	 0.959	 0.103
 0.000	-0.094	 0.956	 0.096
 0.000	-0.097	 0.956	 0.075
 0.000	-0.097	 0.963	 0.070
 0.000	-0.101	 0.975	 0.073
 0.000	-0.119	 0.982	 0.072
 0.000	-0.110	 0.979	 0.074
 0.000	-0.104	 0.961	 0.084
 0.000	-0.100	 0.953	 0.083
 0.000	-0.090	 0.951	 0.078
 0.000	-0.085	 0.957	 0.075
 0.000	-0.101	 0.968	 0.061
 0.000	-0.125	 0.976	 0.048
 0.000	-0.141	 0.979	 0.051
 0.000	-0.147	 0.977	 0.056
 0.000	-0.137	 0.966	 0.052
 0.000	-0.113	 0.959	 0.073
 0.000	-0.093	 0.955	 0.079
 0.000	-0.070	 0.962	 0.072
 0.000	-0.071	 0.969	 0.069
 0.000	-0.081	 0.984	 0.050
 0.000	-0.100	 0.997	 0.053
 0.000	-0.114	 0.995	 0.070
 0.000	-0.114	 0.979	 0.073
 0.000	-0.104	 0.975	 0.065
 0.000	-0.089	 0.956	 0.077
 0.000	-0.088	 0.955	 0.088
 0.000	-0.094	 0.968	 0.073
 0.000	-0.115	 0.982	 0.072
 0.000	-0.142	 0.993	 0.071
 0.000	-0.150	 0.994	 0.066
 0.000	-0.157	 0.981	 0.079
 0.000	-0.153	 0.966	 0.088
 0.000	-0.136	 0.950	 0.099
 0.000	-0.123	 0.951	 0.094
 0.000	-0.116	 0.958	 0.093
 0.000	-0.112	 0.969	 0.083
 0.000	-0.109	 0.975	 0.083
 0.000	-0.117	 0.983	 0.083
 0.000	-0.121	 0.979	 0.091
 0.000	-0.096	 0.942	 0.089
 0.000	-0.096	 0.942	 0.089
 0.000	-0.087	 0.946	 0.085
 0.000	-0.083	 0.954	 0.077
 0.000	-0.094	 0.968	 0.064
 0.000	-0.111	 0.976	 0.058
 0.000	-0.119	 0.981	 0.066
 0.000	-0.121	 0.980	 0.068
 0.000	-0.121	 0.963	 0.083
 0.000	-0.120	 0.954	 0.078
 0.000	-0.111	 0.958	 0.070
 0.000	-0.105	 0.961	 0.068
 0.000	-0.109	 0.973	 0.057
 0.000	-0.106	 0.987	 0.044
 0.000	-0.105	 0.991	 0.049
 0.000	-0.108	 0.984	 0.052
 0.000	-0.101	 0.975	 0.067
 0.000	-0.083	 0.966	 0.079
 0.000	-0.078	 0.956	 0.089
 0.000	-0.078	 0.958	 0.078
 0.000	-0.072	 0.972	 0.075
 0.000	-0.089	 0.986	 0.064
 0.000	-0.111	 0.986	 0.065
 0.000	-0.131	 0.989	 0.079
 0.000	-0.134	 0.977	 0.084
 0.000	-0.132	 0.963	 0.093
 0.000	-0.135	 0.958	 0.097
 0.000	-0.131	 0.953	 0.095
 0.000	-0.127	 0.962	 0.092
 0.000	-0.134	 0.967	 0.083
 0.000	-0.150	 0.982	 0.077
 0.000	-0.149	 0.989	 0.076
 0.000	-0.134	 0.982	 0.084
 0.000	-0.119	 0.963	 0.093
 0.000	-0.100	 0.957	 0.099
 0.000	-0.091	 0.956	 0.082
 0.000	-0.084	 0.962	 0.072
 0.000	-0.089	 0.973	 0.074
 0.000	-0.098	 0.977	 0.064
 0.000	-0.114	 0.984	 0.060
 0.000	-0.119	 0.977	 0.062
 0.000	-0.115	 0.966	 0.080
 0.000	-0.105	 0.955	 0.079
 0.000	-0.104	 0.950	 0.074
 0.000	-0.099	 0.950	 0.071
 0.000	-0.112	 0.962	 0.055
 0.000	-0.120	 0.981	 0.054
 0.000	-0.125	 0.990	 0.047
 0.000	-0.133	 0.984	 0.041
 0.000	-0.133	 0.973	 0.058
 0.000	-0.112	 0.961	 0.082
 0.000	-0.098	 0.954	 0.079
 0.000	-0.085	 0.949	 0.074
 0.000	-0.076	 0.963	 0.068
 0.000	-0.079	 0.980	 0.062
 0.000	-0.095	 0.990	 0.056
 0.000	-0.110	 0.991	 0.061
 0.000	-0.109	 0.982	 0.084
 0.000	-0.106	 0.971	 0.085
 0.000	-0.103	 0.951	 0.093
 0.000	-0.104	 0.946	 0.096
 0.000	-0.105	 0.947	 0.095
 0.000	-0.119	 0.964	 0.090
 0.000	-0.137	 0.977	 0.091
 0.000	-0.153	 0.986	 0.070
 0.000	-0.158	 0.982	 0.080
 0.000	-0.150	 0.965	 0.093
 0.000	-0.135	 0.960	 0.094
 0.000	-0.123	 0.958	 0.093
 0.000	-0.109	 0.956	 0.095
 0.000	-0.103	 0.961	 0.088
 0.000	-0.102	 0.973	 0.079
 0.000	-0.113	 0.981	 0.073
 0.000	-0.112	 0.984	 0.071
 0.000	-0.099	 0.973	 0.084
 0.000	-0.100	 0.958	 0.083
 0.000	-0.092	 0.951	 0.077
 0.000	-0.084	 0.946	 0.076
 0.000	-0.085	 0.955	 0.075
 0.000	-0.094	 0.969	 0.060
 0.000	-0.108	 0.983	 0.055
 0.000	-0.125	 0.988	 0.054
 0.000	-0.127	 0.978	 0.061
 0.000	-0.116	 0.958	 0.076
 0.000	-0.111	 0.952	 0.083
 0.000	-0.103	 0.955	 0.075
 0.000	-0.096	 0.960	 0.060
 0.000	-0.103	 0.969	 0.054
 0.000	-0.108	 0.987	 0.054
 0.000	-0.111	 0.991	 0.047
 0.000	-0.112	 0.987	 0.051
 0.000	-0.099	 0.980	 0.064
 0.000	-0.086	 0.963	 0.076
 0.000	-0.085	 0.953	 0.083
 0.000	-0.079	 0.961	 0.081
 0.000	-0.084	 0.971	 0.079
 0.000	-0.102	 0.974	 0.073
 0.000	-0.123	 0.989	 0.073
 0.000	-0.140	 0.986	 0.071
 0.000	-0.147	 0.975	 0.086
 0.000	-0.135	 0.961	 0.097
 0.000	-0.125	 0.957	 0.107
 0.000	-0.124	 0.958	 0.093
 0.000	-0.131	 0.960	 0.081
 0.000	-0.136	 0.970	 0.083
 0.000	-0.151	 0.977	 0.074
 0.000	-0.149	 0.984	 0.078
 0.000	-0.131	 0.977	 0.090
 0.000	-0.112	 0.967	 0.092
 0.000	-0.099	 0.961	 0.094
 0.000	-0.084	 0.955	 0.089
 0.000	-0.073	 0.952	 0.083
 0.000	-0.079	 0.966	 0.069
 0.000	-0.094	 0.984	 0.061
 0.000	-0.109	 0.990	 0.053
 0.000	-0.116	 0.983	 0.065
 0.000	-0.115	 0.964	 0.070
 0.000	-0.110	 0.955	 0.077
 0.000	-0.097	 0.958	 0.075
 0.000	-0.094	 0.954	 0.064
 0.000	-0.101	 0.964	 0.058
 0.000	-0.118	 0.979	 0.055
 0.000	-0.125	 0.992	 0.054
 0.000	-0.137	 0.980	 0.049
 0.000	-0.132	 0.972	 0.063
 0.000	-0.108	 0.961	 0.078
 0.000	-0.090	 0.955	 0.086
 0.000	-0.086	 0.958	 0.078
 0.000	-0.079	 0.966	 0.073
 0.000	-0.083	 0.977	 0.072
 0.000	-0.100	 0.990	 0.068
 0.000	-0.115	 0.987	 0.069
 0.000	-0.113	 0.986	 0.076
 0.000	-0.109	 0.970	 0.087
 0.000	-0.104	 0.947	 0.102
 0.000	-0.106	 0.943	 0.121
 0.000	-0.109	 0.951	 0.104
 0.000	-0.130	 0.960	 0.083
 0.000	-0.140	 0.981	 0.083
 0.000	-0.147	 0.988	 0.075
 0.000	-0.154	 0.983	 0.082
 0.000	-0.150	 0.967	 0.087
 0.000	-0.141	 0.959	 0.091
 0.000	-0.119	 0.953	 0.093
 0.000	-0.105	 0.951	 0.086
 0.000	-0.099	 0.960	 0.081
 0.000	-0.095	 0.971	 0.076
 0.000	-0.107	 0.977	 0.061
 0.000	-0.110	 0.983	 0.066
 0.000	-0.104	 0.976	 0.082
 0.000	-0.096	 0.959	 0.084
 0.000	-0.087	 0.950	 0.082
 0.000	-0.077	 0.951	 0.082
 0.000	-0.079	 0.958	 0.066
 0.000	-0.094	 0.972	 0.058
 0.000	-0.120	 0.987	 0.053
 0.000	-0.138	 0.988	 0.054
 0.000	-0.141	 0.975	 0.066
 0.000	-0.135	 0.963	 0.067
 0.000	-0.116	 0.959	 0.075
 0.000	-0.106	 0.957	 0.076
 0.000	-0.092	 0.963	 0.077
 0.000	-0.084	 0.976	 0.060
 0.000	-0.091	 0.987	 0.042
 0.000	-0.109	 0.990	 0.053
 0.000	-0.117	 0.988	 0.058
 0.000	-0.115	 0.983	 0.073
 0.000	-0.106	 0.963	 0.081
 0.000	-0.099	 0.950	 0.085
 0.000	-0.080	 0.950	 0.083
 0.000	-0.086	 0.958	 0.075
 0.000	-0.104	 0.973	 0.077
 0.000	-0.125	 0.988	 0.078
 0.000	-0.148	 0.990	 0.069
 0.000	-0.158	 0.980	 0.087
 0.000	-0.152	 0.960	 0.097
 0.000	-0.130	 0.950	 0.097
 0.000	-0.137	 0.952	 0.093
 0.000	-0.123	 0.959	 0.096
 0.000	-0.119	 0.972	 0.082
 0.000	-0.126	 0.984	 0.068
 0.000	-0.135	 0.985	 0.062
 0.000	-0.122	 0.979	 0.070
 0.000	-0.106	 0.965	 0.075
 0.000	-0.099	 0.952	 0.084
 0.000	-0.087	 0.948	 0.088
 0.000	-0.071	 0.954	 0.079
 0.000	-0.083	 0.962	 0.070
 0.000	-0.094	 0.975	 0.057
 0.000	-0.098	 0.986	 0.060
 0.000	-0.108	 0.978	 0.063
 0.000	-0.114	 0.964	 0.065
 0.000	-0.106	 0.951	 0.080
 0.000	-0.104	 0.948	 0.082
 0.000	-0.104	 0.954	 0.080
 0.000	-0.109	 0.956	 0.070
 0.000	-0.114	 0.972	 0.054
 0.000	-0.124	 0.986	 0.044
 0.000	-0.126	 0.987	 0.040
 0.000	-0.122	 0.984	 0.057
 0.000	-0.111	 0.970	 0.073
 0.000	-0.104	 0.952	 0.086
 0.000	-0.086	 0.954	 0.081
 0.000	-0.077	 0.964	 0.076
 0.000	-0.082	 0.975	 0.072
 0.000	-0.095	 0.986	 0.064
 0.000	-0.106	 0.994	 0.069
 0.000	-0.118	 0.980	 0.084
 0.000	-0.117	 0.969	 0.096
 0.000	-0.113	 0.960	 0.107
 0.000	-0.117	 0.949	 0.098
 0.000	-0.124	 0.950	 0.090
 0.000	-0.129	 0.969	 0.088
 0.000	-0.138	 0.975	 0.088
 0.000	-0.153	 0.983	 0.074
 0.000	-0.158	 0.988	 0.078
 0.000	-0.137	 0.968	 0.091
 0.000	-0.123	 0.952	 0.090
 0.000	-0.120	 0.952	 0.085
 0.000	-0.099	 0.952	 0.081
 0.000	-0.091	 0.962	 0.082
 0.000	-0.093	 0.976	 0.071
 0.000	-0.099	 0.985	 0.062
 0.000	-0.108	 0.987	 0.063
 0.000	-0.104	 0.978	 0.066
 0.000	-0.092	 0.960	 0.073
 0.000	-0.085	 0.954	 0.070
 0.000	-0.078	 0.952	 0.072
 0.000	-0.086	 0.953	 0.069
 0.000	-0.102	 0.966	 0.059
 0.000	-0.121	 0.979	 0.046
 0.000	-0.133	 0.983	 0.049
 0.000	-0.144	 0.973	 0.060
 0.000	-0.133	 0.968	 0.071
 0.000	-0.120	 0.961	 0.079
 0.000	-0.110	 0.962	 0.074
 0.000	-0.103	 0.962	 0.067
 0.000	-0.104	 0.969	 0.064
 0.000	-0.111	 0.988	 0.060
 0.000	-0.117	 0.999	 0.057
 0.000	-0.115	 0.989	 0.068
 0.000	-0.111	 0.981	 0.083
 0.000	-0.095	 0.967	 0.094
 0.000	-0.085	 0.956	 0.096
 0.000	-0.081	 0.959	 0.096
 0.000	-0.100	 0.967	 0.090
 0.000	-0.113	 0.970	 0.084
 0.000	-0.132	 0.981	 0.079
 0.000	-0.155	 0.987	 0.079
 0.000	-0.152	 0.973	 0.096
 0.000	-0.152	 0.957	 0.102
 0.000	-0.140	 0.944	 0.102
 0.000	-0.132	 0.944	 0.097
 0.000	-0.124	 0.950	 0.091
 0.000	-0.130	 0.973	 0.082
 0.000	-0.136	 0.983	 0.069
 0.000	-0.134	 0.980	 0.075
 0.000	-0.117	 0.979	 0.078
 0.000	-0.097	 0.968	 0.084
 0.000	-0.092	 0.956	 0.080
 0.000	-0.082	 0.950	 0.069
 0.000	-0.071	 0.955	 0.079
 0.000	-0.081	 0.958	 0.062
 0.000	-0.087	 0.974	 0.054
 0.000	-0.103	 0.987	 0.051
 0.000	-0.106	 0.981	 0.063
 0.000	-0.104	 0.971	 0.063
 0.000	-0.096	 0.961	 0.073
 0.000	-0.101	 0.956	 0.066
 0.000	-0.105	 0.957	 0.076
 0.000	-0.110	 0.961	 0.067
 0.000	-0.122	 0.974	 0.062
 0.000	-0.136	 0.989	 0.055
 0.000	-0.134	 0.990	 0.058
 0.000	-0.128	 0.982	 0.062
 0.000	-0.112	 0.967	 0.074
 0.000	-0.102	 0.961	 0.092
 0.000	-0.089	 0.964	 0.094
 0.000	-0.087	 0.968	 0.081
 0.000	-0.088	 0.971	 0.080
 0.000	-0.104	 0.980	 0.076
 0.000	-0.123	 0.986	 0.079
 0.000	-0.132	 0.986	 0.077
 0.000	-0.132	 0.973	 0.090
 0.000	-0.108	 0.955	 0.086
 0.000	-0.109	 0.953	 0.101
 0.000	-0.112	 0.953	 0.094
 0.000	-0.122	 0.959	 0.084
 0.000	-0.134	 0.972	 0.074
 0.000	-0.157	 0.978	 0.074
 0.000	-0.162	 0.983	 0.076
 0.000	-0.148	 0.973	 0.081
 0.000	-0.126	 0.955	 0.095
 0.000	-0.106	 0.948	 0.089
 0.000	-0.082	 0.954	 0.082
 0.000	-0.083	 0.965	 0.079
 0.000	-0.097	 0.972	 0.060
 0.000	-0.113	 0.987	 0.061
 0.000	-0.109	 0.983	 0.061
 0.000	-0.108	 0.969	 0.064
 0.000	-0.100	 0.962	 0.069
 0.000	-0.078	 0.951	 0.073
 0.000	-0.075	 0.949	 0.066
 0.000	-0.084	 0.958	 0.055
 0.000	-0.097	 0.973	 0.060
 0.000	-0.112	 0.989	 0.048
 0.000	-0.128	 0.989	 0.057
 0.000	-0.140	 0.985	 0.061
 0.000	-0.138	 0.975	 0.068
 0.000	-0.127	 0.957	 0.087
 0.000	-0.118	 0.950	 0.086
 0.000	-0.101	 0.955	 0.079
 0.000	-0.097	 0.966	 0.075
 0.000	-0.104	 0.979	 0.065
 0.000	-0.115	 0.990	 0.065
 0.000	-0.118	 0.987	 0.078
 0.000	-0.111	 0.973	 0.092
 0.000	-0.104	 0.962	 0.098
 0.000	-0.101	 0.954	 0.107
 0.000	-0.098	 0.961	 0.104
 0.000	-0.095	 0.955	 0.096
 0.000	-0.102	 0.967	 0.088
 0.000	-0.125	 0.982	 0.077
 0.000	-0.146	 0.985	 0.074
 0.000	-0.150	 0.980	 0.090
 0.000	-0.137	 0.961	 0.093
 0.000	-0.127	 0.950	 0.097
 0.000	-0.118	 0.947	 0.094
 0.000	-0.111	 0.952	 0.088
 0.000	-0.118	 0.965	 0.071
 0.000	-0.126	 0.975	 0.070
 0.000	-0.124	 0.982	 0.064
 0.000	-0.109	 0.982	 0.067
 0.000	-0.099	 0.967	 0.069
 0.000	-0.079	 0.957	 0.084
 0.000	-0.066	 0.951	 0.080
 0.000	-0.071	 0.958	 0.076
 0.000	-0.080	 0.961	 0.066
 0.000	-0.092	 0.978	 0.063
 0.000	-0.099	 0.985	 0.056
 0.000	-0.107	 0.979	 0.059
 0.000	-0.118	 0.969	 0.064
 0.000	-0.106	 0.965	 0.071
 0.000	-0.104	 0.957	 0.072
 0.000	-0.105	 0.953	 0.066
 0.000	-0.105	 0.967	 0.061
 0.000	-0.105	 0.977	 0.063
 0.000	-0.121	 0.990	 0.046
 0.000	-0.131	 0.997	 0.043
 0.000	-0.126	 0.992	 0.063
 0.000	-0.120	 0.978	 0.072
 0.000	-0.104	 0.963	 0.081
 0.000	-0.085	 0.959	 0.092
 0.000	-0.085	 0.959	 0.088
 0.000	-0.089	 0.965	 0.076
 0.000	-0.103	 0.979	 0.077
 0.000	-0.125	 0.987	 0.075
 0.000	-0.133	 0.988	 0.083
 0.000	-0.132	 0.964	 0.100
 0.000	-0.127	 0.951	 0.114
 0.000	-0.121	 0.948	 0.118
 0.000	-0.119	 0.945	 0.105
 0.000	-0.120	 0.959	 0.090
 0.000	-0.126	 0.971	 0.076
 0.000	-0.145	 0.975	 0.069
 0.000	-0.148	 0.984	 0.066
 0.000	-0.136	 0.971	 0.078
 0.000	-0.117	 0.960	 0.083
 0.000	-0.091	 0.952	 0.076
 0.000	-0.074	 0.961	 0.074
 0.000	-0.073	 0.958	 0.072
 0.000	-0.083	 0.970	 0.053
 0.000	-0.089	 0.990	 0.040
 0.000	-0.092	 0.987	 0.042
 0.000	-0.096	 0.979	 0.063
 0.000	-0.092	 0.966	 0.073
 0.000	-0.083	 0.952	 0.078
 0.000	-0.084	 0.946	 0.083
 0.000	-0.087	 0.947	 0.075
 0.000	-0.102	 0.968	 0.068
 0.000	-0.124	 0.987	 0.061
 0.000	-0.142	 0.988	 0.061
 0.000	-0.138	 0.974	 0.058
 0.000	-0.139	 0.975	 0.068
 0.000	-0.133	 0.964	 0.077
 0.000	-0.121	 0.949	 0.095
 0.000	-0.104	 0.953	 0.091
 0.000	-0.098	 0.963	 0.075
 0.000	-0.105	 0.982	 0.072
 0.000	-0.106	 0.991	 0.062
 0.000	-0.112	 0.986	 0.062
 0.000	-0.114	 0.976	 0.085
 0.000	-0.108	 0.964	 0.100
 0.000	-0.105	 0.958	 0.109
 0.000	-0.102	 0.951	 0.104
 0.000	-0.107	 0.950	 0.092
 0.000	-0.115	 0.959	 0.083
 0.000	-0.132	 0.965	 0.084
 0.000	-0.156	 0.980	 0.080
 0.000	-0.150	 0.977	 0.081
 0.000	-0.142	 0.961	 0.090
 0.000	-0.136	 0.958	 0.091
 0.000	-0.124	 0.951	 0.086
 0.000	-0.110	 0.952	 0.090
 0.000	-0.110	 0.964	 0.083
 0.000	-0.113	 0.976	 0.070
 0.000	-0.116	 0.985	 0.061
 0.000	-0.106	 0.987	 0.059
 0.000	-0.093	 0.979	 0.054
 0.000	-0.075	 0.967	 0.068
 0.000	-0.064	 0.960	 0.073
 0.000	-0.063	 0.958	 0.065
 0.000	-0.067	 0.969	 0.058
 0.000	-0.080	 0.979	 0.045
 0.000	-0.102	 0.987	 0.042
 0.000	-0.114	 0.982	 0.050
 0.000	-0.127	 0.976	 0.058
 0.000	-0.120	 0.964	 0.070
 0.000	-0.116	 0.947	 0.079
 0.000	-0.112	 0.962	 0.065
 0.000	-0.112	 0.962	 0.065
 0.000	-0.121	 0.967	 0.076
 0.000	-0.136	 0.985	 0.071
 0.000	-0.141	 0.988	 0.070
 0.000	-0.136	 0.981	 0.087
 0.000	-0.119	 0.970	 0.091
 0.000	-0.100	 0.965	 0.098
 0.000	-0.089	 0.963	 0.105
 0.000	-0.088	 0.961	 0.090
 0.000	-0.092	 0.969	 0.084
 0.000	-0.102	 0.982	 0.080
 0.000	-0.115	 0.984	 0.075
 0.000	-0.126	 0.977	 0.084
 0.000	-0.128	 0.962	 0.093
 0.000	-0.123	 0.955	 0.093
 0.000	-0.123	 0.950	 0.098
 0.000	-0.113	 0.953	 0.098
 0.000	-0.123	 0.961	 0.083
 0.000	-0.133	 0.969	 0.078
 0.000	-0.141	 0.976	 0.073
 0.000	-0.149	 0.982	 0.068
 0.000	-0.135	 0.971	 0.074
 0.000	-0.112	 0.957	 0.092
 0.000	-0.092	 0.948	 0.091
 0.000	-0.077	 0.954	 0.082
 0.000	-0.074	 0.958	 0.071
 0.000	-0.085	 0.971	 0.053
 0.000	-0.085	 0.988	 0.044
 0.000	-0.088	 0.988	 0.051
 0.000	-0.096	 0.981	 0.053
 0.000	-0.090	 0.973	 0.070
 0.000	-0.083	 0.957	 0.085
 0.000	-0.086	 0.948	 0.073
 0.000	-0.091	 0.948	 0.068
 0.000	-0.104	 0.961	 0.058
 0.000	-0.121	 0.982	 0.049
 0.000	-0.134	 0.988	 0.048
 0.000	-0.138	 0.984	 0.064
 0.000	-0.140	 0.974	 0.068
 0.000	-0.133	 0.962	 0.083
 0.000	-0.114	 0.958	 0.092
 0.000	-0.102	 0.959	 0.081
 0.000	-0.097	 0.968	 0.083
 0.000	-0.103	 0.975	 0.078
 0.000	-0.120	 0.981	 0.086
 0.000	-0.136	 0.983	 0.081
 0.000	-0.132	 0.970	 0.097
 0.000	-0.117	 0.962	 0.101
 0.000	-0.107	 0.961	 0.097
 0.000	-0.098	 0.958	 0.103
 0.000	-0.098	 0.954	 0.091
 0.000	-0.108	 0.969	 0.081
 0.000	-0.128	 0.978	 0.079
 0.000	-0.152	 0.987	 0.065
 0.000	-0.150	 0.983	 0.067
 0.000	-0.138	 0.966	 0.082
 0.000	-0.128	 0.953	 0.086
 0.000	-0.110	 0.956	 0.075
 0.000	-0.092	 0.957	 0.076
 0.000	-0.093	 0.968	 0.073
 0.000	-0.099	 0.986	 0.053
 0.000	-0.107	 0.992	 0.051
 0.000	-0.113	 0.981	 0.058
 0.000	-0.107	 0.969	 0.060
 0.000	-0.088	 0.954	 0.072
 0.000	-0.070	 0.946	 0.083
 0.000	-0.068	 0.953	 0.073
 0.000	-0.073	 0.968	 0.070
 0.000	-0.084	 0.982	 0.049
 0.000	-0.105	 0.987	 0.053
 0.000	-0.127	 0.990	 0.064
 0.000	-0.131	 0.986	 0.059
 0.000	-0.137	 0.968	 0.077
 0.000	-0.128	 0.957	 0.084
 0.000	-0.115	 0.954	 0.079
 0.000	-0.113	 0.964	 0.079
 0.000	-0.117	 0.971	 0.073
 0.000	-0.128	 0.993	 0.080
 0.000	-0.131	 0.994	 0.071
 0.000	-0.122	 0.982	 0.084
 0.000	-0.113	 0.971	 0.101
 0.000	-0.106	 0.956	 0.102
 0.000	-0.098	 0.946	 0.109
 0.000	-0.101	 0.948	 0.105
 0.000	-0.099	 0.964	 0.093
 0.000	-0.106	 0.973	 0.092
 0.000	-0.124	 0.980	 0.084
 0.000	-0.123	 0.979	 0.092
 0.000	-0.126	 0.971	 0.099
 0.000	-0.133	 0.961	 0.100
 0.000	-0.131	 0.952	 0.094
 0.000	-0.119	 0.952	 0.088
 0.000	-0.120	 0.955	 0.085
 0.000	-0.123	 0.963	 0.067
 0.000	-0.129	 0.977	 0.052
 0.000	-0.135	 0.989	 0.047
 0.000	-0.125	 0.980	 0.055
 0.000	-0.111	 0.962	 0.065
 0.000	-0.084	 0.959	 0.072
 0.000	-0.069	 0.956	 0.070
 0.000	-0.070	 0.958	 0.065
 0.000	-0.078	 0.972	 0.056
 0.000	-0.090	 0.984	 0.047
 0.000	-0.110	 0.983	 0.059
 0.000	-0.115	 0.977	 0.062
 0.000	-0.106	 0.970	 0.075
 0.000	-0.096	 0.954	 0.082
 0.000	-0.095	 0.947	 0.089
 0.000	-0.099	 0.958	 0.085
 0.000	-0.113	 0.975	 0.077
 0.000	-0.138	 0.993	 0.068
 0.000	-0.140	 0.992	 0.060
 0.000	-0.154	 0.985	 0.067
 0.000	-0.148	 0.973	 0.069
 0.000	-0.135	 0.968	 0.079
 0.000	-0.119	 0.958	 0.087
 0.000	-0.101	 0.962	 0.084
 0.000	-0.094	 0.970	 0.082
 0.000	-0.098	 0.973	 0.076
 0.000	-0.116	 0.984	 0.065
 0.000	-0.127	 0.987	 0.073
 0.000	-0.115	 0.975	 0.091
 0.000	-0.111	 0.964	 0.107
 0.000	-0.110	 0.957	 0.101
 0.000	-0.107	 0.948	 0.100
 0.000	-0.108	 0.954	 0.094
 0.000	-0.108	 0.964	 0.080
 0.000	-0.124	 0.975	 0.069
 0.000	-0.140	 0.987	 0.074
 0.000	-0.142	 0.985	 0.077
 0.000	-0.140	 0.967	 0.075
 0.000	-0.123	 0.958	 0.083
 0.000	-0.111	 0.957	 0.079
 0.000	-0.093	 0.961	 0.068
 0.000	-0.092	 0.962	 0.053
 0.000	-0.088	 0.977	 0.047
 0.000	-0.093	 0.987	 0.053
 0.000	-0.105	 0.985	 0.052
 0.000	-0.096	 0.981	 0.052
 0.000	-0.082	 0.966	 0.070
 0.000	-0.078	 0.950	 0.076
 0.000	-0.074	 0.954	 0.080
 0.000	-0.072	 0.959	 0.067
 0.000	-0.096	 0.967	 0.067
 0.000	-0.116	 0.980	 0.065
 0.000	-0.135	 0.987	 0.068
 0.000	-0.143	 0.978	 0.082
 0.000	-0.140	 0.964	 0.108
 0.000	-0.126	 0.955	 0.093
 0.000	-0.121	 0.954	 0.093
 0.000	-0.119	 0.956	 0.096
 0.000	-0.127	 0.963	 0.083
 0.000	-0.132	 0.980	 0.071
 0.000	-0.135	 0.995	 0.071
 0.000	-0.128	 0.984	 0.073
 0.000	-0.110	 0.978	 0.081
 0.000	-0.093	 0.970	 0.083
 0.000	-0.083	 0.957	 0.093
 0.000	-0.083	 0.958	 0.099
 0.000	-0.088	 0.964	 0.094
 0.000	-0.100	 0.969	 0.079
 0.000	-0.123	 0.976	 0.067
 0.000	-0.132	 0.981	 0.072
 0.000	-0.135	 0.974	 0.081
 0.000	-0.132	 0.958	 0.087
 0.000	-0.121	 0.950	 0.087
 0.000	-0.109	 0.958	 0.075
 0.000	-0.111	 0.963	 0.075
 0.000	-0.118	 0.964	 0.064
 0.000	-0.133	 0.976	 0.060
 0.000	-0.136	 0.990	 0.052
 0.000	-0.130	 0.984	 0.063
 0.000	-0.107	 0.977	 0.070
 0.000	-0.077	 0.962	 0.062
 0.000	-0.062	 0.958	 0.074
 0.000	-0.065	 0.967	 0.065
 0.000	-0.071	 0.977	 0.052
 0.000	-0.085	 0.984	 0.046
 0.000	-0.103	 0.986	 0.054
 0.000	-0.108	 0.980	 0.058
 0.000	-0.112	 0.972	 0.056
 0.000	-0.107	 0.958	 0.074
 0.000	-0.109	 0.950	 0.073
 0.000	-0.106	 0.967	 0.079
 0.000	-0.110	 0.972	 0.083
 0.000	-0.126	 0.982	 0.076
 0.000	-0.143	 0.991	 0.065
 0.000	-0.160	 0.984	 0.083
 0.000	-0.160	 0.977	 0.100
 0.000	-0.142	 0.959	 0.095
 0.000	-0.128	 0.956	 0.101
 0.000	-0.113	 0.956	 0.107
 0.000	-0.103	 0.961	 0.090
 0.000	-0.099	 0.971	 0.088
 0.000	-0.104	 0.979	 0.074
 0.000	-0.122	 0.989	 0.076
 0.000	-0.119	 0.985	 0.085
 0.000	-0.110	 0.964	 0.099
 0.000	-0.110	 0.953	 0.096
 0.000	-0.103	 0.947	 0.090
 0.000	-0.104	 0.950	 0.093
 0.000	-0.109	 0.966	 0.078
 0.000	-0.120	 0.980	 0.060
 0.000	-0.135	 0.986	 0.062
 0.000	-0.144	 0.978	 0.067
 0.000	-0.140	 0.965	 0.076
 0.000	-0.130	 0.953	 0.082
 0.000	-0.111	 0.950	 0.082
 0.000	-0.099	 0.948	 0.078
 0.000	-0.088	 0.958	 0.075
 0.000	-0.086	 0.981	 0.058
 0.000	-0.094	 0.991	 0.044
 0.000	-0.100	 0.990	 0.051
 0.000	-0.095	 0.987	 0.061
 0.000	-0.087	 0.971	 0.070
 0.000	-0.078	 0.957	 0.074
 0.000	-0.080	 0.957	 0.081
 0.000	-0.082	 0.962	 0.068
 0.000	-0.090	 0.972	 0.062
 0.000	-0.113	 0.984	 0.056
 0.000	-0.135	 0.989	 0.062
 0.000	-0.142	 0.981	 0.071
 0.000	-0.144	 0.964	 0.080
 0.000	-0.130	 0.959	 0.089
 0.000	-0.125	 0.953	 0.088
 0.000	-0.121	 0.957	 0.094
 0.000	-0.124	 0.968	 0.090
 0.000	-0.126	 0.978	 0.085
 0.000	-0.130	 0.987	 0.077
 0.000	-0.129	 0.981	 0.082
 0.000	-0.116	 0.969	 0.097
 0.000	-0.104	 0.959	 0.098
 0.000	-0.093	 0.951	 0.095
 0.000	-0.086	 0.953	 0.091
 0.000	-0.083	 0.969	 0.083
 0.000	-0.093	 0.978	 0.074
 0.000	-0.115	 0.981	 0.066
 0.000	-0.128	 0.981	 0.066
 0.000	-0.137	 0.965	 0.076
 0.000	-0.131	 0.954	 0.083
 0.000	-0.125	 0.948	 0.078
 0.000	-0.108	 0.957	 0.077
 0.000	-0.101	 0.959	 0.068
 0.000	-0.104	 0.969	 0.055
 0.000	-0.118	 0.989	 0.043
 0.000	-0.124	 0.992	 0.041
 0.000	-0.124	 0.983	 0.055
 0.000	-0.105	 0.971	 0.066
 0.000	-0.092	 0.950	 0.076
 0.000	-0.078	 0.946	 0.078
 0.000	-0.065	 0.949	 0.070
 0.000	-0.073	 0.967	 0.058
 0.000	-0.094	 0.988	 0.055
 0.000	-0.112	 0.997	 0.053
 0.000	-0.112	 0.991	 0.061
 0.000	-0.121	 0.980	 0.073
 0.000	-0.109	 0.953	 0.081
 0.000	-0.105	 0.948	 0.087
 0.000	-0.114	 0.956	 0.085
 0.000	-0.123	 0.961	 0.077
 0.000	-0.129	 0.970	 0.078
 0.000	-0.147	 0.988	 0.064
 0.000	-0.156	 0.994	 0.064
 0.000	-0.143	 0.985	 0.086
 0.000	-0.135	 0.968	 0.096
 0.000	-0.119	 0.957	 0.102
 0.000	-0.099	 0.954	 0.104
 0.000	-0.095	 0.958	 0.097
 0.000	-0.097	 0.965	 0.089
 0.000	-0.105	 0.972	 0.092
 0.000	-0.110	 0.983	 0.079
 0.000	-0.108	 0.979	 0.083
 0.000	-0.109	 0.967	 0.088
 0.000	-0.108	 0.954	 0.092
 0.000	-0.101	 0.944	 0.095
 0.000	-0.102	 0.950	 0.095
 0.000	-0.113	 0.955	 0.089
 0.000	-0.115	 0.968	 0.062
 0.000	-0.130	 0.979	 0.058
 0.000	-0.137	 0.979	 0.056
 0.000	-0.134	 0.969	 0.061
 0.000	-0.119	 0.967	 0.062
 0.000	-0.101	 0.956	 0.063
 0.000	-0.082	 0.956	 0.065
 0.000	-0.073	 0.964	 0.059
 0.000	-0.089	 0.977	 0.052
 0.000	-0.098	 0.993	 0.047
 0.000	-0.100	 0.988	 0.053
 0.000	-0.099	 0.985	 0.063
 0.000	-0.089	 0.975	 0.068
 0.000	-0.082	 0.963	 0.083
 0.000	-0.085	 0.960	 0.089
 0.000	-0.089	 0.958	 0.075
 0.000	-0.106	 0.968	 0.077
 0.000	-0.131	 0.980	 0.070
 0.000	-0.146	 0.989	 0.065
 0.000	-0.150	 0.976	 0.077
 0.000	-0.147	 0.967	 0.088
 0.000	-0.134	 0.963	 0.095
 0.000	-0.128	 0.958	 0.095
 0.000	-0.121	 0.955	 0.093
 0.000	-0.115	 0.969	 0.085
 0.000	-0.125	 0.978	 0.079
 0.000	-0.136	 0.979	 0.081
 0.000	-0.133	 0.984	 0.082
 0.000	-0.113	 0.973	 0.084
 0.000	-0.100	 0.954	 0.089
 0.000	-0.091	 0.956	 0.093
 0.000	-0.083	 0.956	 0.094
 0.000	-0.082	 0.963	 0.086
 0.000	-0.102	 0.964	 0.078
 0.000	-0.115	 0.971	 0.060
 0.000	-0.124	 0.981	 0.057
 0.000	-0.137	 0.972	 0.063
 0.000	-0.126	 0.958	 0.080
 0.000	-0.115	 0.952	 0.087
 0.000	-0.110	 0.953	 0.081
 0.000	-0.099	 0.952	 0.065
 0.000	-0.104	 0.973	 0.055
 0.000	-0.117	 0.989	 0.048
 0.000	-0.115	 0.987	 0.052
 0.000	-0.110	 0.980	 0.055
 0.000	-0.098	 0.976	 0.068
 0.000	-0.092	 0.964	 0.078
 0.000	-0.074	 0.955	 0.081
 0.000	-0.064	 0.955	 0.071
 0.000	-0.069	 0.964	 0.064
 0.000	-0.089	 0.974	 0.058
 0.000	-0.107	 0.983	 0.061
 0.000	-0.118	 0.984	 0.087
 0.000	-0.120	 0.973	 0.085
 0.000	-0.123	 0.957	 0.093
 0.000	-0.120	 0.949	 0.096
 0.000	-0.121	 0.950	 0.097
 0.000	-0.128	 0.957	 0.089
 0.000	-0.138	 0.974	 0.076
 0.000	-0.153	 0.986	 0.072
 0.000	-0.162	 0.988	 0.078
 0.000	-0.137	 0.976	 0.085
 0.000	-0.120	 0.959	 0.088
 0.000	-0.107	 0.957	 0.088
 0.000	-0.090	 0.958	 0.091
 0.000	-0.082	 0.961	 0.085
 0.000	-0.087	 0.975	 0.078
 0.000	-0.107	 0.980	 0.078
 0.000	-0.121	 0.983	 0.069
 0.000	-0.121	 0.978	 0.065
 0.000	-0.108	 0.958	 0.084
 0.000	-0.105	 0.947	 0.089
 0.000	-0.095	 0.947	 0.094
 0.000	-0.098	 0.949	 0.085
 0.000	-0.105	 0.957	 0.072
 0.000	-0.124	 0.977	 0.067
 0.000	-0.128	 0.987	 0.054
 0.000	-0.139	 0.979	 0.057
 0.000	-0.135	 0.974	 0.054
 0.000	-0.115	 0.963	 0.063
 0.000	-0.100	 0.957	 0.072
 0.000	-0.083	 0.962	 0.063
 0.000	-0.064	 0.968	 0.062
 0.000	-0.067	 0.983	 0.047
 0.000	-0.093	 0.996	 0.043
 0.000	-0.110	 0.994	 0.044
 0.000	-0.114	 0.983	 0.050
 0.000	-0.107	 0.969	 0.067
 0.000	-0.095	 0.958	 0.090
 0.000	-0.087	 0.953	 0.097
 0.000	-0.093	 0.964	 0.083
 0.000	-0.105	 0.971	 0.079
 0.000	-0.125	 0.986	 0.080
 0.000	-0.150	 0.997	 0.079
 0.000	-0.157	 0.986	 0.083
 0.000	-0.157	 0.969	 0.097
 0.000	-0.148	 0.950	 0.104
 0.000	-0.135	 0.944	 0.102
 0.000	-0.123	 0.955	 0.096
 0.000	-0.114	 0.966	 0.086
 0.000	-0.114	 0.978	 0.072
 0.000	-0.113	 0.986	 0.075
 0.000	-0.112	 0.985	 0.073
 0.000	-0.107	 0.974	 0.087
 0.000	-0.104	 0.956	 0.085
 0.000	-0.091	 0.953	 0.087
 0.000	-0.084	 0.953	 0.078
 0.000	-0.083	 0.952	 0.074
 0.000	-0.095	 0.961	 0.065
 0.000	-0.106	 0.979	 0.054
 0.000	-0.124	 0.983	 0.058
 0.000	-0.124	 0.975	 0.072
 0.000	-0.125	 0.962	 0.077
 0.000	-0.118	 0.953	 0.083
 0.000	-0.115	 0.953	 0.082
 0.000	-0.105	 0.955	 0.067
 0.000	-0.104	 0.969	 0.060
 0.000	-0.110	 0.985	 0.052
 0.000	-0.115	 0.986	 0.042
 0.000	-0.107	 0.985	 0.056
 0.000	-0.102	 0.977	 0.065
 0.000	-0.088	 0.962	 0.085
 0.000	-0.075	 0.952	 0.088
 0.000	-0.077	 0.958	 0.078
 0.000	-0.082	 0.966	 0.074
 0.000	-0.093	 0.979	 0.069
 0.000	-0.105	 0.983	 0.055
 0.000	-0.124	 0.986	 0.062
 0.000	-0.125	 0.970	 0.086
 0.000	-0.122	 0.958	 0.085
 0.000	-0.121	 0.954	 0.098
 0.000	-0.125	 0.955	 0.108
 0.000	-0.127	 0.959	 0.102
 0.000	-0.135	 0.970	 0.087
 0.000	-0.156	 0.978	 0.076
 0.000	-0.159	 0.980	 0.070
 0.000	-0.142	 0.976	 0.088
 0.000	-0.122	 0.965	 0.101
 0.000	-0.104	 0.963	 0.095
 0.000	-0.080	 0.958	 0.092
 0.000	-0.082	 0.958	 0.079
 0.000	-0.091	 0.971	 0.068
 0.000	-0.101	 0.978	 0.060
 0.000	-0.113	 0.985	 0.067
 0.000	-0.119	 0.985	 0.069
 0.000	-0.112	 0.969	 0.071
 0.000	-0.102	 0.954	 0.076
 0.000	-0.094	 0.950	 0.074
 0.000	-0.095	 0.948	 0.062
 0.000	-0.100	 0.955	 0.050
 0.000	-0.116	 0.974	 0.042
 0.000	-0.133	 0.985	 0.036
 0.000	-0.144	 0.983	 0.051
 0.000	-0.139	 0.983	 0.056
 0.000	-0.117	 0.971	 0.074
 0.000	-0.097	 0.956	 0.075
 0.000	-0.080	 0.958	 0.075
 0.000	-0.073	 0.966	 0.069
 0.000	-0.091	 0.974	 0.062
 0.000	-0.101	 0.995	 0.049
 0.000	-0.110	 0.993	 0.053
 0.000	-0.115	 0.983	 0.062
 0.000	-0.109	 0.973	 0.072
 0.000	-0.094	 0.964	 0.089
 0.000	-0.091	 0.961	 0.100
 0.000	-0.093	 0.960	 0.086
 0.000	-0.108	 0.965	 0.074
 0.000	-0.122	 0.979	 0.077
 0.000	-0.148	 0.983	 0.077
 0.000	-0.153	 0.979	 0.069
 0.000	-0.154	 0.964	 0.091
 0.000	-0.151	 0.959	 0.094
 0.000	-0.132	 0.950	 0.096
 0.000	-0.119	 0.951	 0.093
 0.000	-0.112	 0.959	 0.088
 0.000	-0.116	 0.971	 0.082
 0.000	-0.114	 0.980	 0.079
 0.000	-0.116	 0.984	 0.071
 0.000	-0.109	 0.974	 0.083
 0.000	-0.097	 0.958	 0.078
 0.000	-0.084	 0.951	 0.086
 0.000	-0.083	 0.956	 0.091
 0.000	-0.083	 0.955	 0.078
 0.000	-0.098	 0.969	 0.071
 0.000	-0.105	 0.981	 0.057
 0.000	-0.129	 0.985	 0.049
 0.000	-0.135	 0.979	 0.050
 0.000	-0.120	 0.973	 0.058
 0.000	-0.107	 0.951	 0.065
 0.000	-0.100	 0.950	 0.067
 0.000	-0.091	 0.959	 0.064
 0.000	-0.096	 0.971	 0.053
 0.000	-0.113	 0.988	 0.051
 0.000	-0.114	 0.989	 0.051
 0.000	-0.120	 0.989	 0.056
 0.000	-0.117	 0.976	 0.067
 0.000	-0.097	 0.965	 0.077
 0.000	-0.088	 0.956	 0.089
 0.000	-0.083	 0.956	 0.087
 0.000	-0.088	 0.962	 0.085
 0.000	-0.097	 0.971	 0.083
 0.000	-0.116	 0.981	 0.078
 0.000	-0.138	 0.985	 0.079
 0.000	-0.147	 0.980	 0.086
 0.000	-0.144	 0.963	 0.098
 0.000	-0.139	 0.956	 0.103
 0.000	-0.129	 0.955	 0.099
 0.000	-0.118	 0.960	 0.085
 0.000	-0.123	 0.973	 0.077
 0.000	-0.140	 0.979	 0.074
 0.000	-0.151	 0.989	 0.070
 0.000	-0.142	 0.984	 0.076
 0.000	-0.124	 0.963	 0.091
 0.000	-0.109	 0.959	 0.083
 0.000	-0.087	 0.953	 0.080
 0.000	-0.072	 0.958	 0.082
 0.000	-0.079	 0.969	 0.073
 0.000	-0.091	 0.982	 0.059
 0.000	-0.105	 0.982	 0.053
 0.000	-0.115	 0.979	 0.066
 0.000	-0.117	 0.968	 0.081
 0.000	-0.106	 0.954	 0.087
 0.000	-0.104	 0.945	 0.083
 0.000	-0.104	 0.956	 0.083
 0.000	-0.103	 0.966	 0.071
 0.000	-0.112	 0.977	 0.061
 0.000	-0.129	 0.986	 0.046
 0.000	-0.136	 0.987	 0.049
 0.000	-0.142	 0.982	 0.057
 0.000	-0.118	 0.967	 0.075
 0.000	-0.102	 0.953	 0.087
 0.000	-0.084	 0.955	 0.081
 0.000	-0.074	 0.963	 0.073
 0.000	-0.076	 0.976	 0.073
 0.000	-0.087	 0.991	 0.059
 0.000	-0.099	 0.996	 0.060
 0.000	-0.111	 0.993	 0.073
 0.000	-0.109	 0.977	 0.093
 0.000	-0.102	 0.954	 0.102
 0.000	-0.110	 0.945	 0.106
 0.000	-0.117	 0.950	 0.105
 0.000	-0.125	 0.960	 0.096
 0.000	-0.142	 0.975	 0.087
 0.000	-0.153	 0.983	 0.086
 0.000	-0.148	 0.982	 0.086
 0.000	-0.151	 0.972	 0.093
 0.000	-0.142	 0.960	 0.098
 0.000	-0.126	 0.951	 0.104
 0.000	-0.112	 0.954	 0.098
 0.000	-0.103	 0.962	 0.086
 0.000	-0.099	 0.970	 0.080
 0.000	-0.115	 0.974	 0.076
 0.000	-0.121	 0.979	 0.066
 0.000	-0.113	 0.978	 0.074
 0.000	-0.101	 0.965	 0.079
 0.000	-0.087	 0.954	 0.075
 0.000	-0.078	 0.954	 0.083
 0.000	-0.072	 0.955	 0.075
 0.000	-0.081	 0.968	 0.066
 0.000	-0.103	 0.986	 0.062
 0.000	-0.127	 0.989	 0.058
 0.000	-0.141	 0.982	 0.058
 0.000	-0.137	 0.970	 0.065
 0.000	-0.119	 0.952	 0.080
 0.000	-0.109	 0.952	 0.082
 0.000	-0.096	 0.960	 0.073
 0.000	-0.094	 0.969	 0.065
 0.000	-0.109	 0.984	 0.052
 0.000	-0.113	 0.990	 0.052
 0.000	-0.116	 0.990	 0.054
 0.000	-0.115	 0.977	 0.064
 0.000	-0.099	 0.966	 0.083
 0.000	-0.080	 0.960	 0.095
 0.000	-0.078	 0.956	 0.092
 0.000	-0.079	 0.964	 0.087
 0.000	-0.096	 0.977	 0.082
 0.000	-0.120	 0.990	 0.084
 0.000	-0.139	 0.988	 0.084
 0.000	-0.151	 0.975	 0.092
 0.000	-0.147	 0.963	 0.094
 0.000	-0.138	 0.948	 0.104
 0.000	-0.132	 0.947	 0.101
 0.000	-0.120	 0.960	 0.089
 0.000	-0.125	 0.971	 0.075
 0.000	-0.132	 0.977	 0.077
 0.000	-0.138	 0.994	 0.072
 0.000	-0.127	 0.989	 0.077
 0.000	-0.117	 0.965	 0.083
 0.000	-0.101	 0.950	 0.084
 0.000	-0.081	 0.947	 0.083
 0.000	-0.071	 0.948	 0.081
 0.000	-0.075	 0.961	 0.067
 0.000	-0.088	 0.983	 0.058
 0.000	-0.094	 0.991	 0.057
 0.000	-0.108	 0.985	 0.055
 0.000	-0.113	 0.969	 0.060
 0.000	-0.105	 0.954	 0.073
 0.000	-0.111	 0.947	 0.079
 0.000	-0.109	 0.954	 0.075
 0.000	-0.107	 0.963	 0.065
 0.000	-0.114	 0.979	 0.055
 0.000	-0.123	 0.991	 0.051
 0.000	-0.128	 0.992	 0.058
 0.000	-0.130	 0.986	 0.066
 0.000	-0.121	 0.973	 0.073
 0.000	-0.104	 0.956	 0.083
 0.000	-0.085	 0.967	 0.072
 0.000	-0.091	 0.980	 0.069
 0.000	-0.108	 0.991	 0.063
 0.000	-0.112	 0.984	 0.077
 0.000	-0.114	 0.972	 0.089
 0.000	-0.108	 0.963	 0.091
 0.000	-0.115	 0.947	 0.096
 0.000	-0.123	 0.949	 0.100
 0.000	-0.126	 0.966	 0.086
 0.000	-0.139	 0.973	 0.080
 0.000	-0.151	 0.978	 0.078
 0.000	-0.151	 0.989	 0.078
 0.000	-0.143	 0.977	 0.080
 0.000	-0.136	 0.956	 0.090
 0.000	-0.115	 0.960	 0.092
 0.000	-0.103	 0.957	 0.086
 0.000	-0.093	 0.959	 0.081
 0.000	-0.091	 0.969	 0.064
 0.000	-0.098	 0.983	 0.055
 0.000	-0.114	 0.985	 0.059
 0.000	-0.108	 0.979	 0.067
 0.000	-0.090	 0.969	 0.081
 0.000	-0.079	 0.954	 0.072
 0.000	-0.080	 0.956	 0.067
 0.000	-0.080	 0.955	 0.063
 0.000	-0.093	 0.968	 0.050
 0.000	-0.117	 0.986	 0.053
 0.000	-0.138	 0.988	 0.045
 0.000	-0.146	 0.979	 0.048
 0.000	-0.135	 0.970	 0.060
 0.000	-0.122	 0.959	 0.064
 0.000	-0.113	 0.959	 0.073
 0.000	-0.094	 0.964	 0.068
 0.000	-0.094	 0.971	 0.063
 0.000	-0.103	 0.985	 0.073
 0.000	-0.115	 0.996	 0.057
 0.000	-0.126	 0.988	 0.061
 0.000	-0.118	 0.977	 0.072
 0.000	-0.103	 0.968	 0.083
 0.000	-0.092	 0.961	 0.090
 0.000	-0.084	 0.961	 0.091
 0.000	-0.090	 0.965	 0.082
 0.000	-0.106	 0.974	 0.081
 0.000	-0.129	 0.979	 0.086
 0.000	-0.151	 0.985	 0.079
 0.000	-0.152	 0.972	 0.109
 0.000	-0.146	 0.954	 0.116
 0.000	-0.139	 0.944	 0.104
 0.000	-0.126	 0.951	 0.104
 0.000	-0.123	 0.951	 0.088
 0.000	-0.130	 0.963	 0.076
 0.000	-0.135	 0.977	 0.080
 0.000	-0.135	 0.983	 0.076
 0.000	-0.126	 0.982	 0.077
 0.000	-0.109	 0.968	 0.099
 0.000	-0.084	 0.963	 0.099
 0.000	-0.077	 0.961	 0.083
 0.000	-0.065	 0.958	 0.073
 0.000	-0.069	 0.961	 0.075
 0.000	-0.088	 0.983	 0.056
 0.000	-0.097	 0.984	 0.047
 0.000	-0.098	 0.984	 0.056
 0.000	-0.106	 0.971	 0.070
 0.000	-0.108	 0.955	 0.080
 0.000	-0.095	 0.948	 0.073
 0.000	-0.101	 0.959	 0.073
 0.000	-0.100	 0.962	 0.071
 0.000	-0.121	 0.970	 0.058
 0.000	-0.133	 0.980	 0.052
 0.000	-0.144	 0.987	 0.069
 0.000	-0.142	 0.980	 0.077
 0.000	-0.121	 0.971	 0.078
 0.000	-0.101	 0.961	 0.089
 0.000	-0.084	 0.957	 0.096
 0.000	-0.078	 0.962	 0.088
 0.000	-0.085	 0.969	 0.073
 0.000	-0.099	 0.981	 0.068
 0.000	-0.121	 0.986	 0.069
 0.000	-0.129	 0.984	 0.074
 0.000	-0.121	 0.976	 0.097
 0.000	-0.115	 0.961	 0.099
 0.000	-0.110	 0.955	 0.101
 0.000	-0.103	 0.954	 0.096
 0.000	-0.114	 0.971	 0.084
 0.000	-0.131	 0.970	 0.077
 0.000	-0.146	 0.975	 0.074
 0.000	-0.158	 0.981	 0.068
 0.000	-0.156	 0.968	 0.077
 0.000	-0.135	 0.954	 0.087
 0.000	-0.117	 0.953	 0.087
 0.000	-0.094	 0.956	 0.083
 0.000	-0.082	 0.958	 0.079
 0.000	-0.090	 0.976	 0.060
 0.000	-0.106	 0.985	 0.051
 0.000	-0.109	 0.983	 0.054
 0.000	-0.104	 0.980	 0.053
 0.000	-0.099	 0.966	 0.067
 0.000	-0.088	 0.954	 0.069
 0.000	-0.074	 0.952	 0.072
 0.000	-0.072	 0.965	 0.072
 0.000	-0.087	 0.970	 0.056
 0.000	-0.108	 0.984	 0.045
 0.000	-0.125	 0.989	 0.042
 0.000	-0.133	 0.975	 0.053
 0.000	-0.136	 0.968	 0.070
 0.000	-0.130	 0.954	 0.080
 0.000	-0.121	 0.953	 0.078
 0.000	-0.105	 0.959	 0.071
 0.000	-0.102	 0.964	 0.066
 0.000	-0.099	 0.974	 0.072
 0.000	-0.107	 0.993	 0.066
 0.000	-0.115	 0.993	 0.070
 0.000	-0.111	 0.983	 0.088
 0.000	-0.110	 0.969	 0.105
 0.000	-0.106	 0.954	 0.103
 0.000	-0.103	 0.951	 0.105
 0.000	-0.104	 0.956	 0.097
 0.000	-0.107	 0.968	 0.086
 0.000	-0.120	 0.971	 0.085
 0.000	-0.142	 0.988	 0.073
 0.000	-0.143	 0.986	 0.077
 0.000	-0.138	 0.970	 0.082
 0.000	-0.133	 0.957	 0.090
 0.000	-0.117	 0.951	 0.090
 0.000	-0.118	 0.949	 0.087
 0.000	-0.122	 0.962	 0.074
 0.000	-0.125	 0.978	 0.069
 0.000	-0.124	 0.983	 0.071
 0.000	-0.114	 0.980	 0.071
 0.000	-0.102	 0.970	 0.072
 0.000	-0.083	 0.956	 0.086
 0.000	-0.073	 0.948	 0.085
 0.000	-0.068	 0.950	 0.087
 0.000	-0.073	 0.953	 0.078
 0.000	-0.090	 0.973	 0.062
 0.000	-0.106	 0.983	 0.062
 0.000	-0.117	 0.985	 0.058
 0.000	-0.111	 0.983	 0.067
 0.000	-0.108	 0.968	 0.067
 0.000	-0.108	 0.958	 0.074
 0.000	-0.109	 0.963	 0.070
 0.000	-0.110	 0.967	 0.064
 0.000	-0.118	 0.977	 0.058
 0.000	-0.129	 0.989	 0.044
 0.000	-0.144	 0.992	 0.050
 0.000	-0.139	 0.983	 0.063
 0.000	-0.119	 0.969	 0.077
 0.000	-0.094	 0.960	 0.092
 0.000	-0.081	 0.949	 0.097
 0.000	-0.083	 0.959	 0.089
 0.000	-0.087	 0.970	 0.094
 0.000	-0.105	 0.974	 0.089
 0.000	-0.127	 0.984	 0.078
 0.000	-0.135	 0.983	 0.094
 0.000	-0.132	 0.970	 0.100
 0.000	-0.126	 0.949	 0.100
 0.000	-0.122	 0.944	 0.103
 0.000	-0.117	 0.952	 0.090
 0.000	-0.119	 0.960	 0.077
 0.000	-0.127	 0.974	 0.065
 0.000	-0.138	 0.988	 0.064
 0.000	-0.154	 0.987	 0.055
 0.000	-0.143	 0.978	 0.061
 0.000	-0.124	 0.959	 0.079
 0.000	-0.103	 0.951	 0.081
 0.000	-0.087	 0.953	 0.073
 0.000	-0.073	 0.958	 0.073
 0.000	-0.078	 0.965	 0.059
 0.000	-0.092	 0.985	 0.057
 0.000	-0.098	 0.989	 0.052
 0.000	-0.101	 0.977	 0.062
 0.000	-0.096	 0.970	 0.075
 0.000	-0.087	 0.948	 0.081
 0.000	-0.084	 0.945	 0.088
 0.000	-0.090	 0.953	 0.085
 0.000	-0.104	 0.960	 0.066
 0.000	-0.120	 0.982	 0.056
 0.000	-0.135	 0.989	 0.054
 0.000	-0.132	 0.983	 0.055
 0.000	-0.132	 0.976	 0.058
 0.000	-0.127	 0.969	 0.073
 0.000	-0.119	 0.962	 0.090
 0.000	-0.110	 0.961	 0.086
 0.000	-0.100	 0.971	 0.074
 0.000	-0.096	 0.981	 0.070
 0.000	-0.110	 0.986	 0.058
 0.000	-0.117	 0.989	 0.067
 0.000	-0.111	 0.987	 0.078
 0.000	-0.107	 0.970	 0.086
 0.000	-0.099	 0.953	 0.101
 0.000	-0.092	 0.950	 0.102
 0.000	-0.102	 0.952	 0.098
 0.000	-0.114	 0.957	 0.093
 0.000	-0.140	 0.965	 0.093
 0.000	-0.156	 0.978	 0.084
 0.000	-0.149	 0.974	 0.085
 0.000	-0.146	 0.962	 0.090
 0.000	-0.135	 0.954	 0.097
 0.000	-0.118	 0.954	 0.089
 0.000	-0.108	 0.952	 0.084
 0.000	-0.101	 0.962	 0.069
 0.000	-0.110	 0.977	 0.057
 0.000	-0.115	 0.986	 0.049
 0.000	-0.115	 0.986	 0.042
 0.000	-0.100	 0.975	 0.053
 0.000	-0.079	 0.968	 0.071
 0.000	-0.058	 0.957	 0.075
 0.000	-0.057	 0.957	 0.061
 0.000	-0.059	 0.963	 0.057
 0.000	-0.079	 0.975	 0.047
 0.000	-0.102	 0.983	 0.050
 0.000	-0.124	 0.986	 0.053
 0.000	-0.134	 0.979	 0.073
 0.000	-0.125	 0.962	 0.085
 0.000	-0.123	 0.948	 0.086
 0.000	-0.116	 0.950	 0.075
 0.000	-0.112	 0.961	 0.078
 0.000	-0.122	 0.973	 0.084
 0.000	-0.137	 0.989	 0.067
 0.000	-0.140	 0.994	 0.053
 0.000	-0.133	 0.983	 0.068
 0.000	-0.123	 0.969	 0.086
 0.000	-0.108	 0.964	 0.089
 0.000	-0.096	 0.959	 0.095
 0.000	-0.083	 0.965	 0.083
 0.000	-0.078	 0.973	 0.075
 0.000	-0.096	 0.985	 0.081
 0.000	-0.122	 0.991	 0.069
 0.000	-0.134	 0.985	 0.075
 0.000	-0.132	 0.966	 0.090
 0.000	-0.128	 0.955	 0.108
 0.000	-0.119	 0.948	 0.104
 0.000	-0.119	 0.945	 0.108
 0.000	-0.126	 0.951	 0.097
 0.000	-0.127	 0.963	 0.078
 0.000	-0.144	 0.974	 0.069
 0.000	-0.155	 0.981	 0.076
 0.000	-0.148	 0.973	 0.079
 0.000	-0.125	 0.963	 0.084
 0.000	-0.103	 0.948	 0.085
 0.000	-0.082	 0.949	 0.077
 0.000	-0.064	 0.954	 0.073
 0.000	-0.069	 0.968	 0.067
 0.000	-0.079	 0.981	 0.047
 0.000	-0.091	 0.992	 0.044
 0.000	-0.093	 0.986	 0.039
 0.000	-0.091	 0.976	 0.052
 0.000	-0.084	 0.959	 0.067
 0.000	-0.079	 0.951	 0.071
 0.000	-0.088	 0.961	 0.060
 0.000	-0.101	 0.959	 0.063
 0.000	-0.115	 0.976	 0.055
 0.000	-0.135	 0.986	 0.056
 0.000	-0.147	 0.982	 0.063
 0.000	-0.150	 0.970	 0.081
 0.000	-0.141	 0.954	 0.081
 0.000	-0.124	 0.953	 0.097
 0.000	-0.115	 0.958	 0.099
 0.000	-0.100	 0.966	 0.097
 0.000	-0.099	 0.972	 0.088
 0.000	-0.112	 0.978	 0.077
 0.000	-0.121	 0.987	 0.079
 0.000	-0.118	 0.980	 0.084
 0.000	-0.117	 0.974	 0.089
 0.000	-0.111	 0.963	 0.100
 0.000	-0.096	 0.958	 0.095
 0.000	-0.093	 0.959	 0.087
 0.000	-0.102	 0.969	 0.078
 0.000	-0.119	 0.982	 0.077
 0.000	-0.141	 0.990	 0.060
 0.000	-0.152	 0.988	 0.053
 0.000	-0.142	 0.964	 0.074
 0.000	-0.130	 0.956	 0.087
 0.000	-0.119	 0.952	 0.085
 0.000	-0.106	 0.951	 0.083
 0.000	-0.104	 0.961	 0.071
 0.000	-0.105	 0.972	 0.059
 0.000	-0.110	 0.987	 0.053
 0.000	-0.110	 0.980	 0.062
 0.000	-0.111	 0.978	 0.062
 0.000	-0.092	 0.961	 0.072
 0.000	-0.078	 0.948	 0.076
 0.000	-0.067	 0.953	 0.076
 0.000	-0.070	 0.963	 0.066
 0.000	-0.086	 0.975	 0.054
 0.000	-0.100	 0.990	 0.044
 0.000	-0.114	 0.995	 0.047
 0.000	-0.135	 0.993	 0.053
 0.000	-0.134	 0.970	 0.065
 0.000	-0.122	 0.952	 0.081
 0.000	-0.122	 0.951	 0.082
 0.000	-0.121	 0.957	 0.078
 0.000	-0.115	 0.969	 0.071
 0.000	-0.123	 0.984	 0.065
 0.000	-0.124	 0.992	 0.060
 0.000	-0.127	 0.987	 0.071
 0.000	-0.127	 0.975	 0.090
 0.000	-0.115	 0.965	 0.103
 0.000	-0.105	 0.951	 0.106
 0.000	-0.093	 0.948	 0.101
 0.000	-0.100	 0.962	 0.103
 0.000	-0.108	 0.974	 0.093
 0.000	-0.119	 0.979	 0.096
 0.000	-0.124	 0.983	 0.090
 0.000	-0.121	 0.969	 0.093
 0.000	-0.124	 0.964	 0.101
 0.000	-0.125	 0.959	 0.096
 0.000	-0.121	 0.949	 0.090
 0.000	-0.117	 0.954	 0.071
 0.000	-0.122	 0.965	 0.062
 0.000	-0.131	 0.979	 0.057
 0.000	-0.134	 0.987	 0.048
 0.000	-0.126	 0.978	 0.052
 0.000	-0.108	 0.961	 0.071
 0.000	-0.089	 0.952	 0.076
 0.000	-0.076	 0.951	 0.081
 0.000	-0.068	 0.953	 0.081
 0.000	-0.070	 0.962	 0.066
 0.000	-0.089	 0.979	 0.057
 0.000	-0.103	 0.983	 0.052
 0.000	-0.109	 0.981	 0.058
 0.000	-0.103	 0.972	 0.070
 0.000	-0.091	 0.962	 0.080
 0.000	-0.089	 0.958	 0.086
 0.000	-0.095	 0.956	 0.079
 0.000	-0.107	 0.966	 0.068
 0.000	-0.120	 0.984	 0.063
 0.000	-0.141	 0.996	 0.066
 0.000	-0.147	 0.987	 0.071
 0.000	-0.146	 0.976	 0.072
 0.000	-0.132	 0.971	 0.080
 0.000	-0.114	 0.960	 0.092
 0.000	-0.098	 0.958	 0.088
 0.000	-0.093	 0.967	 0.086
 0.000	-0.100	 0.982	 0.082
 0.000	-0.117	 0.986	 0.073
 0.000	-0.124	 0.992	 0.072
 0.000	-0.121	 0.982	 0.085
 0.000	-0.118	 0.966	 0.095
 0.000	-0.108	 0.955	 0.093
 0.000	-0.102	 0.947	 0.100
 0.000	-0.101	 0.952	 0.097
 0.000	-0.117	 0.959	 0.080
 0.000	-0.120	 0.981	 0.073
 0.000	-0.143	 0.987	 0.062
 0.000	-0.150	 0.973	 0.071
 0.000	-0.144	 0.965	 0.078
 0.000	-0.130	 0.956	 0.082
 0.000	-0.110	 0.947	 0.080
 0.000	-0.092	 0.956	 0.068
 0.000	-0.089	 0.968	 0.057
 0.000	-0.088	 0.974	 0.045
 0.000	-0.089	 0.986	 0.042
 0.000	-0.108	 0.988	 0.044
 0.000	-0.104	 0.980	 0.050
 0.000	-0.086	 0.964	 0.072
 0.000	-0.080	 0.953	 0.075
 0.000	-0.074	 0.952	 0.076
 0.000	-0.077	 0.959	 0.067
 0.000	-0.094	 0.962	 0.058
 0.000	-0.107	 0.981	 0.067
 0.000	-0.127	 0.987	 0.064
 0.000	-0.137	 0.977	 0.079
 0.000	-0.129	 0.966	 0.089
 0.000	-0.122	 0.952	 0.093
 0.000	-0.122	 0.947	 0.099
 0.000	-0.119	 0.954	 0.093
 0.000	-0.124	 0.968	 0.081
 0.000	-0.131	 0.980	 0.084
 0.000	-0.142	 0.990	 0.081
 0.000	-0.134	 0.990	 0.077
 0.000	-0.120	 0.983	 0.088
 0.000	-0.104	 0.968	 0.083
 0.000	-0.090	 0.958	 0.087
 0.000	-0.089	 0.955	 0.102
 0.000	-0.092	 0.959	 0.084
 0.000	-0.106	 0.965	 0.082
 0.000	-0.119	 0.972	 0.080
 0.000	-0.135	 0.974	 0.084
 0.000	-0.134	 0.970	 0.093
 0.000	-0.129	 0.960	 0.094
 0.000	-0.122	 0.950	 0.084
 0.000	-0.120	 0.946	 0.088
 0.000	-0.118	 0.950	 0.078
 0.000	-0.122	 0.965	 0.066
 0.000	-0.135	 0.970	 0.061
 0.000	-0.139	 0.979	 0.058
 0.000	-0.126	 0.981	 0.061
 0.000	-0.103	 0.971	 0.069
 0.000	-0.082	 0.965	 0.063
 0.000	-0.068	 0.963	 0.056
 0.000	-0.054	 0.965	 0.060
 0.000	-0.056	 0.971	 0.056
 0.000	-0.076	 0.981	 0.047
 0.000	-0.094	 0.993	 0.040
 0.000	-0.115	 0.983	 0.051
 0.000	-0.121	 0.976	 0.063
 0.000	-0.112	 0.959	 0.076
 0.000	-0.109	 0.952	 0.081
 0.000	-0.102	 0.957	 0.074
 0.000	-0.105	 0.971	 0.080
 0.000	-0.120	 0.979	 0.077
 0.000	-0.142	 0.991	 0.069
 0.000	-0.159	 0.987	 0.068
 0.000	-0.162	 0.978	 0.073
 0.000	-0.146	 0.963	 0.087
 0.000	-0.129	 0.957	 0.098
 0.000	-0.106	 0.956	 0.095
 0.000	-0.099	 0.964	 0.084
 0.000	-0.101	 0.973	 0.078
